A	37.43	24.96	12.469999999999999
C	5.43	3.11	2.32
D	44.94	32.56	12.379999999999995
F	14.57	6.61	7.96
K	56.0	46.26	9.740000000000002
L	39.47	30.22	9.25
M	25.25	14.61	10.64
Q	5.73	3.33	2.4000000000000004
R	48.49	31.86	16.630000000000003
S	5.31	2.83	2.4799999999999995
T	28.73	23.78	4.949999999999999
V	97.192	68.29	28.901999999999987
X	70.95	35.22	35.730000000000004
AA	17.6	9.81	7.790000000000001
AN	25.05	16.68	8.370000000000001
BA	76.0	44.92	31.08
BK	32.65	24.13	8.52
CA	24.15	17.8	6.349999999999998
CB	54.36	47.1	7.259999999999998
CF	110.0	57.56	52.44
CI	39.26	26.83	12.43
CL	87.39	70.45	16.939999999999998
DD	42.66	30.06	12.599999999999998
DE	69.475	40.28	29.194999999999993
DF	19.76	9.38	10.38
DO	108.78	54.7	54.08
DV	74.36	36.34	38.019999999999996
ED	48.53	39.29	9.240000000000002
EK	9.08	3.38	5.7
EL	71.29	33.14	38.150000000000006
EP	13.0	8.73	4.27
FE	47.82	33.57	14.25
FO	55.68	37.05	18.630000000000003
GD	79.0	56.1	22.9
GE	19.7	13.03	6.67
GR	77.89	51.97	25.92
GS	193.6	129.5	64.1
GT	18.79	9.65	9.139999999999999
HD	37.03	25.13	11.900000000000002
HP	43.72	32.34	11.379999999999995
IP	29.25	20.38	8.870000000000001
KG	13.2	7.18	6.02
KO	59.45	48.38	11.07
KR	24.8	19.08	5.720000000000002
LH	83.0	62.06	20.939999999999998
LM	34.83	24.0	10.829999999999998
LO	82.26	70.24	12.02000000000001
MA	269.88	193.0	76.88
MI	10.66	5.03	5.63
MO	22.99	17.28	5.709999999999997
MS	35.78	22.4	13.380000000000003
MU	11.4	6.69	4.71
NI	17.15	12.93	4.219999999999999
NU	29.41	22.64	6.77
OI	39.56	24.93	14.630000000000003
PG	64.58	39.37	25.21
PH	72.5	46.68	25.82
PM	53.91	2.0	51.91
PX	89.74	72.7	17.039999999999992
RF	9.33	4.61	4.72
RL	95.59	64.002	31.588000000000008
RX	21.99	13.23	8.759999999999998
SE	23.85	18.05	5.800000000000001
SO	36.78	30.715	6.065000000000001
TE	17.65	13.062	4.587999999999999
VZ	34.13	25.99	8.140000000000004
WM	35.99	28.28	7.710000000000001
WU	20.64	14.65	5.99
WY	53.69	15.27	38.42
XL	20.39	15.05	5.34
ABC	33.27	20.71	12.560000000000002
ABT	56.79	44.59	12.199999999999996
ACE	55.96	48.01	7.950000000000003
ACS	65.09	43.76	21.330000000000005
ADI	32.19	25.79	6.399999999999999
ADM	33.0	24.22	8.780000000000001
ADP	45.74	26.46	19.28
AEE	28.67	23.09	5.580000000000002
AEP	36.86	28.17	8.689999999999998
AES	15.44	8.82	6.619999999999999
AET	35.96	24.94	11.02
AFL	56.56	37.74	18.82
AGN	66.95	53.42	13.530000000000001
AIG	55.9	21.54	34.36
AIV	24.2095	11.1	13.109499999999999
AIZ	38.35	27.97	10.380000000000003
AKS	26.75	11.34	15.41
ALL	35.51	27.25	8.259999999999998
AMD	10.24	3.51	6.73
AMP	49.54	27.74	21.8
AMT	47.98	30.85	17.129999999999995
ANF	51.12	28.76	22.359999999999996
AOC	42.92	38.16	4.760000000000005
AON	44.34	35.1	9.240000000000002
APA	111.0	81.94	29.060000000000002
APC	75.07	34.54	40.529999999999994
APD	85.44	64.13	21.310000000000002
APH	47.83	32.83	15.0
ARG	66.41	41.82	24.589999999999996
ATI	58.25	28.06	30.19
AVB	110.16	61.11	49.05
AVP	36.39	25.0	11.39
AVY	43.33	29.13	14.2
AXP	49.19	31.68	17.509999999999998
AYE	27.7	18.965	8.735
AZO	213.65	135.68	77.97
BAC	19.8642	12.75	7.1142
BAX	61.88	40.25	21.630000000000003
BBT	35.72	22.9	12.82
BBY	48.83	32.05	16.78
BCR	90.0	73.99	16.010000000000005
BDK	76.29	42.06	34.230000000000004
BDX	80.56	66.47	14.090000000000003
BEN	121.9	84.0	37.900000000000006
BHI	54.8	34.17	20.629999999999995
BIG	41.42	23.04	18.380000000000003
BJS	24.53	14.68	9.850000000000001
BLL	59.6	46.7	12.899999999999999
BMC	41.27	34.47	6.800000000000004
BMS	31.8	24.92	6.879999999999999
BMY	27.07	21.54	5.530000000000001
BNI	100.26	75.33	24.930000000000007
BSX	11.77	5.41	6.359999999999999
BTU	52.14	31.74	20.400000000000002
BXP	86.08	55.85	30.229999999999997
CAG	26.32	19.74	6.580000000000002
CAH	36.66	24.87	11.789999999999996
CAM	47.44	31.42	16.019999999999996
CAT	72.83	43.19	29.64
CBE	44.99	31.35	13.64
CBG	17.98	10.37	7.610000000000001
CBS	16.98	9.74	7.24
CCE	29.46	18.84	10.620000000000001
CCL	44.21	28.26	15.95
CEG	38.73	28.65	10.079999999999998
CFN	30.08	20.63	9.45
CHK	30.0	19.62	10.379999999999999
CLF	76.17	35.56	40.61
CLX	66.44	56.36	10.079999999999998
CMA	45.845	24.53	21.314999999999998
CME	353.029	236.58	116.44899999999998
CMI	82.69	41.51	41.18
CMS	17.61	12.79	4.82
CNP	15.08	1.0	14.08
CNX	58.0	32.29	25.71
COF	47.73	32.42	15.309999999999995
COG	46.46	28.84	17.62
COH	44.37	27.96	16.409999999999997
COL	68.04	43.42	24.620000000000005
COP	60.53	43.75	16.78
CPB	37.5	30.63	6.870000000000001
CRM	112.99	50.76	62.23
CSC	58.36	41.37	16.990000000000002
CSX	62.0	40.67	21.33
CTL	37.155	14.16	22.995
CVG	11.97	9.35	2.620000000000001
CVH	27.27	16.61	10.66
CVS	38.27	27.38	10.890000000000004
CVX	83.41	66.83	16.58
DFS	17.355	12.11	5.245000000000001
DGX	62.83	40.8	22.03
DHI	50.8	9.41	41.39
DHR	87.53	35.67	51.86
DIS	37.98	25.25	12.729999999999997
DNB	84.95	65.5	19.450000000000003
DNR	19.48	12.62	6.860000000000001
DOV	55.5	33.5	22.0
DOW	32.05	19.75	12.299999999999997
DPS	40.24	25.57	14.670000000000002
DRI	49.01	30.34	18.669999999999998
DTE	49.06	33.75	15.310000000000002
DTV	39.89	24.2	15.690000000000001
DUK	17.94	15.04	2.900000000000002
DVA	67.05	50.88	16.169999999999995
DVN	76.79	58.58	18.210000000000008
DYN	2.67	1.63	1.04
ECL	49.77	40.66	9.110000000000007
EFX	36.63	25.92	10.71
EIX	36.72	30.37	6.349999999999998
EMC	20.97	15.03	5.9399999999999995
EMN	71.95	49.59	22.36
EMR	53.73	35.09	18.639999999999993
EOG	114.95	68.63	46.32000000000001
EQR	48.455	25.72	22.735
EQT	47.43	33.25	14.18
ESV	51.3	35.49	15.809999999999995
ETN	81.78	52.33	29.450000000000003
ETR	84.44	70.35	14.090000000000003
EXC	52.23	33.4	18.83
FCX	90.55	56.71	33.839999999999996
FDO	44.03	25.52	18.51
FDX	97.75	66.29	31.459999999999994
FHN	15.86	9.87	5.99
FII	28.31	20.04	8.27
FIS	30.78	21.75	9.030000000000001
FLR	57.0	39.77	17.229999999999997
FLS	119.83	81.35	38.480000000000004
FMC	65.8	50.75	15.049999999999997
FPL	58.5	45.29	13.21
FRX	33.1	24.17	8.93
FTI	76.54	44.83	31.710000000000008
FTR	8.57	6.82	1.75
GAS	45.44	34.96	10.479999999999997
GCI	19.69	7.66	12.030000000000001
GIS	75.68	33.11	42.57000000000001
GLW	21.1	14.4	6.700000000000001
GME	28.62	17.12	11.5
GNW	19.36	8.08	11.28
GPC	45.42	35.06	10.36
GPS	26.34	17.03	9.309999999999999
GWW	116.07	85.24	30.83
HAL	35.2205	21.1	14.1205
HAR	53.36	26.85	26.509999999999998
HAS	44.17	26.01	18.16
HCN	46.79	38.42	8.369999999999997
HCP	36.86	25.981	10.878999999999998
HES	66.49	48.7	17.789999999999992
HIG	30.46	19.78	10.68
HNZ	47.8399	37.42	10.419899999999998
HOG	36.13	20.76	15.370000000000001
HON	48.6315	35.42	13.211500000000001
HOT	56.65	27.15	29.5
HPQ	54.75	39.33	15.420000000000002
HRB	23.23	13.43	9.8
HRL	44.26	34.64	9.619999999999997
HRS	54.5	33.44	21.060000000000002
HSP	59.75	38.74	21.009999999999998
HST	17.09	9.04	8.05
HSY	52.1	35.05	17.050000000000004
HUM	52.66	35.08	17.58
IBM	134.25	115.15	19.099999999999994
ICE	129.53	86.5	43.03
IFF	51.77	34.38	17.39
IGT	23.3	14.65	8.65
IPG	19.5	5.87	13.629999999999999
IRM	30.67	21.134	9.536000000000001
ITT	57.99	43.13	14.86
ITW	52.72	40.6	12.119999999999997
IVZ	24.07	16.37	7.699999999999999
JBL	18.49	9.99	8.499999999999998
JCI	35.7735	23.59	12.183499999999999
JCP	37.21	19.44	17.77
JEC	50.68	33.7	16.979999999999997
JNJ	66.2	56.86	9.340000000000003
JNS	16.06	8.63	7.429999999999998
JPM	48.2	35.16	13.040000000000006
JWN	46.22	26.98	19.24
KBH	20.7	12.54	8.16
KEY	9.84	5.31	4.53
KFT	31.09	25.72	5.370000000000001
KIM	16.72	11.01	5.709999999999999
KMB	67.03	57.095	9.935000000000002
KMX	22.55	18.62	3.9299999999999997
KSS	60.89	44.07	16.82
LEG	25.15	17.89	7.259999999999998
LEN	21.79	11.56	10.229999999999999
LLL	97.81	68.81	29.0
LLY	38.0	32.02	5.979999999999997
LMT	87.185	68.2	18.985
LNC	33.5525	21.01	12.5425
LOW	28.54	19.35	9.189999999999998
LSI	6.73	3.89	2.8400000000000003
LTD	28.78	14.62	14.160000000000002
LUK	28.37	18.8	9.57
LUV	13.97	7.86	6.11
LXK	42.14	17.0	25.14
MAR	38.15	22.06	16.09
MAS	18.775	9.94	8.834999999999999
MAT	24.6	17.5	7.100000000000001
MBI	72.8	3.19	69.61
MCD	73.645	53.88	19.764999999999993
MCK	71.486	54.6	16.886000000000003
MCO	31.04	18.5	12.54
MDP	38.08	25.46	12.619999999999997
MDT	46.66	34.35	12.309999999999995
MEE	54.8	25.52	29.279999999999998
MET	47.75	32.78	14.969999999999999
MFE	47.35	29.53	17.82
MHP	36.94	23.55	13.389999999999997
MHS	66.94	44.9	22.04
MIL	106.99	26.73	80.25999999999999
MJN	55.235	41.15	14.085
MKC	40.93	31.94	8.989999999999998
MMC	25.47	20.21	5.259999999999998
MMM	90.52	67.98	22.539999999999992
MON	87.06	44.61	42.45
MOT	9.45	6.04	3.4099999999999993
MRK	41.56	29.94	11.620000000000001
MRO	35.71	27.64	8.07
MTB	96.15	56.82	39.330000000000005
MTW	12.24	6.11	6.13
MUR	65.12	48.14	16.980000000000004
MWV	29.74	20.92	8.819999999999997
MWW	19.28	10.65	8.63
MYL	23.63	14.01	9.62
NBL	81.5	56.23	25.270000000000003
NBR	27.05	15.72	11.33
NEE	54.05	47.96	6.089999999999996
NEM	63.38	39.06	24.32
NKE	78.55	53.22	25.33
NOC	69.8	47.465	22.334999999999994
NOV	50.17	32.18	17.990000000000002
NRG	25.19	20.2	4.990000000000002
NSC	61.59	42.58	19.010000000000005
NSM	16.09	12.68	3.41
NUE	51.08	36.95	14.129999999999995
NWL	17.96	13.11	4.850000000000001
NYT	14.87	6.86	8.009999999999998
NYX	34.82	22.3	12.52
ODP	9.19	3.86	5.33
OKE	50.85	29.56	21.290000000000003
OMC	44.08	33.5	10.579999999999998
OXY	90.99	71.44	19.549999999999997
PBG	38.74	35.45	3.289999999999999
PBI	26.41	19.31	7.100000000000001
PCG	46.5	34.95	11.549999999999997
PCL	43.75	27.77	15.98
PCP	135.4	85.05	50.35000000000001
PCS	10.65	5.52	5.130000000000001
PEG	34.93	29.01	5.919999999999998
PEP	67.61	55.69	11.920000000000002
PFE	20.36	14.0	6.359999999999999
PFG	31.41	20.89	10.52
PGN	43.36	36.67	6.689999999999998
PGR	20.94	15.9	5.040000000000001
PHM	13.91	7.769	6.141
PKI	25.45	17.38	8.07
PLD	15.04	9.1475	5.892499999999998
PLL	41.82	29.1	12.719999999999999
PNC	70.45	39.44	31.010000000000005
PNW	40.34	31.57	8.770000000000003
POM	18.07	13.83	4.24
PPG	72.24	53.06	19.179999999999993
PPL	33.05	23.75	9.299999999999997
PRU	66.8	43.41	23.39
PSA	102.43	67.19	35.24000000000001
PTV	32.73	21.55	11.179999999999996
PWR	25.43	16.75	8.68
PXD	74.0	28.12	45.879999999999995
QEP	35.15	27.9	7.25
RAI	58.6	36.35	22.25
RDC	32.82	19.66	13.16
RHI	32.25	21.91	10.34
RHT	33.99	21.84	12.150000000000002
ROK	63.9	39.18	24.72
ROP	65.765	49.84	15.924999999999997
RRC	60.13	33.35	26.78
RRD	23.2	15.47	7.729999999999999
RSG	32.95	25.01	7.940000000000001
RSH	24.0	14.76	9.24
RTN	60.1	43.16	16.940000000000005
SAI	19.76	15.25	4.510000000000002
SCG	40.06	33.7	6.359999999999999
SEE	23.43	17.88	5.550000000000001
SGP	29.92	26.89	3.030000000000001
SHW	80.53	56.24	24.29
SII	49.66	25.05	24.609999999999996
SJM	63.75	50.9	12.850000000000001
SLB	73.99	51.67	22.319999999999993
SLE	15.4	9.31	6.09
SLM	13.96	8.01	5.950000000000001
SNA	49.98	33.42	16.559999999999995
SNI	48.08	31.89	16.189999999999998
SPG	94.49	58.36	36.129999999999995
SRE	57.18	43.91	13.270000000000003
STI	32.02	18.45	13.570000000000004
STJ	42.87	31.66	11.209999999999997
STR	52.55	14.86	37.69
STT	55.87	32.47	23.4
STZ	18.87	14.19	4.6800000000000015
SUN	37.96	24.25	13.71
SVU	17.89	10.06	7.83
SWK	66.27	39.49	26.779999999999994
SWN	52.82	33.25	19.57
SWY	27.04	18.75	8.29
SYK	59.72	40.78	18.939999999999998
SYY	31.99	24.24	7.75
TAP	51.3314	38.44	12.891400000000004
TDC	34.61	25.12	9.489999999999998
TEG	50.92	33.43	17.490000000000002
TER	13.37	7.57	5.799999999999999
TGT	58.52	45.09	13.43
THC	6.46	4.05	2.41
TIE	22.93	7.67	15.26
TIF	52.19	31.13	21.06
TJX	48.5	34.79	13.71
TMK	56.54	39.22	17.32
TMO	57.4	42.86	14.54
TRV	54.83	46.55	8.280000000000001
TSN	20.565	11.55	9.015
TSO	16.93	10.4	6.529999999999999
TSS	17.75	13.41	4.34
TWC	59.47	34.62	24.85
TWX	34.07	26.43	7.640000000000001
TXN	27.44	22.26	5.18
TXT	25.3	14.23	11.07
UNH	36.07	23.5	12.57
UNM	26.42	18.48	7.940000000000001
UNP	78.61	54.75	23.86
UPS	70.89	52.06	18.83
USB	28.43	20.6	7.829999999999998
UTX	77.09	57.22	19.870000000000005
VAR	57.7	35.5	22.200000000000003
VFC	89.23	65.85	23.38000000000001
VIA	41.79	24.95	16.84
VLO	21.776	15.76	6.016
VMC	62.0	37.6802	24.3198
VNO	86.79	53.24	33.550000000000004
VTR	52.56	35.87	16.690000000000005
WAG	40.69	26.26	14.429999999999996
WAT	73.78	49.34	24.439999999999998
WDC	47.44	23.52	23.919999999999998
WEC	56.3888	43.63	12.7588
WFC	34.25	24.27	9.98
WFR	19.31	9.19	10.12
WHR	118.44	60.54	57.9
WIN	11.82	6.02	5.800000000000001
WLP	70.0	44.04	25.96
WMB	24.66	15.81	8.85
WMT	56.27	47.77	8.5
WPI	44.97	33.92	11.049999999999997
WPO	547.58	295.56	252.02000000000004
WYE	50.45	47.29	3.1600000000000037
WYN	27.94	14.12	13.820000000000002
XEL	23.02	18.83	4.190000000000001
XOM	76.54	55.94	20.60000000000001
XRX	11.72	7.19	4.53
XTO	49.19	36.46	12.729999999999997
YUM	44.0	32.49	11.509999999999998
ZMH	64.77	46.01	18.759999999999998
AAPL	279.01	164.11	114.89999999999998
ADBE	38.2	26.01	12.190000000000001
ADSK	35.18	22.27	12.91
AKAM	48.18	16.76	31.419999999999998
ALTR	29.05	18.12	10.93
AMAT	14.94	10.94	4.0
AMGN	62.515	50.32	12.195
AMZN	151.09	77.51	73.58
APOL	76.86	38.39	38.47
BBBY	48.52	26.5	22.020000000000003
BF.B	65.05	43.32	21.729999999999997
BIIB	60.28	5.93	54.35
BRCM	38.47	26.4	12.07
CELG	65.79	48.02	17.770000000000003
CEPH	72.87	53.05	19.820000000000007
CERN	87.0595	72.05	15.009500000000003
CHRW	68.0	51.16	16.840000000000003
CIEN	16.64	10.53	6.110000000000001
CINF	30.375	24.505	5.870000000000001
COST	62.12	47.89	14.229999999999997
CPWR	8.95	6.79	2.1599999999999993
CSCO	27.74	20.93	6.809999999999999
CTAS	30.85	23.1	7.75
CTSH	63.94	33.8427	30.097299999999997
CTXS	59.53	34.21	25.32
DELL	17.52	11.76	5.76
EBAY	28.37	19.06	9.310000000000002
ERTS	21.05	14.06	6.99
ESRX	106.3	41.55	64.75
ETFC	15.6	1.34	14.26
EXPD	44.37	24.5	19.869999999999997
EXPE	27.51	18.3	9.21
FAST	56.65	34.42	22.229999999999997
FISV	55.27	44.8	10.470000000000006
FITB	15.95	8.76	7.1899999999999995
FLIR	33.35	22.2	11.150000000000002
FSLR	152.53	98.71	53.82000000000001
GENZ	70.97	45.39	25.58
GILD	49.501	31.73	17.770999999999997
GOOG	629.51	433.63	195.88
HBAN	7.4	3.59	3.8100000000000005
HCBK	14.75	11.5	3.25
INTC	24.3667	18.55	5.816700000000001
INTU	44.85	27.2	17.650000000000002
ISRG	393.92	211.0	182.92000000000002
JAVA	9.49	8.04	1.450000000000001
JDSU	13.95	5.8	8.149999999999999
JNPR	32.16	22.25	9.909999999999997
KLAC	37.71	26.69	11.02
LIFE	56.19	41.1	15.089999999999996
LLTC	33.06	25.71	7.350000000000001
MCHP	31.71	24.32	7.390000000000001
MOLX	23.66	17.56	6.100000000000001
MSFT	31.58	22.73	8.849999999999998
NDAQ	23.11	17.18	5.93
NOVL	6.36	3.84	2.5200000000000005
NTAP	44.89	21.29	23.6
NTRS	61.64	45.445	16.195
NVDA	18.96	8.65	10.31
NVLS	28.9	17.13	11.77
NWSA	16.43	10.245	6.1850000000000005
ORCL	26.63	20.1	6.529999999999998
ORLY	51.7	33.61	18.090000000000003
PAYX	32.88	24.6519	8.228100000000001
PBCT	17.16	13.07	4.09
PCAR	48.64	33.45	15.189999999999998
PCLN	308.95	166.67	142.28
PDCO	32.84	24.13	8.710000000000004
QCOM	49.8	31.63	18.169999999999998
QLGC	22.4	14.0	8.399999999999999
ROST	58.93	42.3	16.630000000000003
SBUX	28.5	18.21	10.29
SCHW	19.95	13.75	6.199999999999999
SHLD	125.42	59.21	66.21000000000001
SIAL	61.0	46.5	14.5
SNDK	50.55	16.6	33.949999999999996
SPLS	26.0	18.62	7.379999999999999
SRCL	67.21	46.86	20.349999999999994
SYMC	19.16	12.04	7.120000000000001
TLAB	9.45	5.36	4.089999999999999
TROW	59.44	42.53	16.909999999999997
URBN	40.84	30.48	10.360000000000003
VRSN	30.25	20.405	9.844999999999999
WFMI	43.18	24.94	18.24
WYNN	93.99	51.36	42.629999999999995
XLNX	29.4	20.81	8.59
XRAY	38.15	28.3	9.849999999999998
YHOO	19.12	13.52	5.600000000000001
ZION	30.29	12.5	17.79
BRK.B	83.57	68.48	15.08999999999999
CMCSA	20.56	13.95	6.609999999999999
DISCA	40.13	30.51	9.620000000000001
ETFCD	15.4	11.86	3.540000000000001
VIA.B	36.34	30.24	6.100000000000005
